.Random.seed <-
c(403L, 10L, -303164753L, -1918857115L, 566632476L, -22565262L, 
-912322323L, 1595941159L, -1187861170L, -1918345816L, 164882859L, 
-1024073015L, -2147089704L, -182358138L, 709845601L, 2040060915L, 
340913762L, 1091991764L, -519831081L, 1016185805L, 31573860L, 
-1496059062L, 1516442293L, -823295473L, 1462174486L, 861892032L, 
2097024387L, 2009711521L, -219366512L, -801544082L, 1401499161L, 
-954921301L, 1845727898L, 621882972L, 1930447711L, -1732614859L, 
-186846004L, -1874854366L, -753586051L, 1806625143L, -332446050L, 
494642520L, -10738501L, -149702055L, -1061125656L, -677604330L, 
-649756783L, 666943555L, 2146674514L, -681145372L, -1303367129L, 
1013066365L, -709872780L, -64663718L, 177064357L, -109910593L, 
-326658490L, -1857293104L, 197062387L, -887220207L, 851009088L, 
195572254L, 1176730857L, -991230437L, 2029483562L, 590973260L, 
1404941071L, -1335769531L, 1742774268L, 372336210L, 402611149L, 
329897351L, -837775250L, 1277429832L, 663210571L, -349886551L, 
-1707776264L, 1567773222L, 1022790465L, 867021011L, 118764674L, 
-1725140300L, 20547127L, 68840749L, 698205764L, -703480982L, 
32835541L, -20012689L, -556405642L, 781117344L, -678772637L, 
1251198209L, 330238064L, -1700957170L, -1241389959L, -2136058869L, 
1163271482L, -650355652L, -860996737L, -1242142507L, -1133761300L, 
-1220827582L, 781171101L, -2109375465L, -525205122L, -1877633224L, 
-1579139045L, 99553657L, 767424456L, -856499210L, -1714049487L, 
1404708963L, -863999950L, -2084985468L, 1879321543L, -1200062819L, 
755947028L, -1027257158L, -582690555L, -1501144353L, 322611046L, 
893574896L, -1390885357L, -1891905615L, 860994144L, 2021763070L, 
1844594569L, -2072080197L, -1870877558L, -795406484L, -248808209L, 
-1865722075L, -1095933476L, 131547058L, 1043990189L, -670613913L, 
292568462L, 1407007336L, -140315029L, -885534711L, 1697181336L, 
1798568390L, 144230689L, 1598753203L, -261335774L, -1315107052L, 
-309536873L, 326023053L, -905221468L, 1198777482L, 1976105717L, 
-1266799281L, -1445508522L, -1196869376L, 401095747L, 1828892641L, 
1146519376L, 1731383726L, 1631936345L, -1416391317L, 1709538522L, 
1032680860L, -1859585633L, 678288373L, -195020148L, -1717850270L, 
-556380355L, -1503844425L, 164258910L, 1860065688L, 235273467L, 
-340928359L, -476903128L, -2136887338L, -12518319L, -1251272957L, 
928292498L, -1856308188L, 1740382951L, -192620739L, 495478708L, 
-28447718L, 1899026277L, 2033166847L, 690119814L, 1234176016L, 
251370163L, -1445930671L, 741062912L, -925533218L, 1546799145L, 
987987931L, 378158314L, -964482420L, -1808149041L, 1514105221L, 
-1513065924L, 2139629330L, -1962595315L, -2013108409L, 1064781102L, 
1042085000L, 1329283467L, -1586382487L, -820415688L, -1061069338L, 
-672552575L, 398974227L, -876209470L, -2076834444L, -2065582729L, 
1686814317L, -307621628L, 1142653994L, 1507621269L, -891777489L, 
1748806454L, 649851744L, -1106331229L, -1915311423L, -1836350800L, 
-205513266L, -232640199L, 1926860107L, -936655110L, 1589446652L, 
470419519L, 2015383829L, -1569252820L, 1549078824L, -1493562310L, 
-720266288L, -459738516L, 1210051124L, 1171012242L, 1209367904L, 
-77186740L, -1819211808L, -2061883998L, 377531816L, -1187273076L, 
-1510625860L, 100503154L, -626566160L, 1626003012L, 1120512088L, 
402593850L, -1677600656L, -908171204L, -114566892L, -1450487102L, 
-661442848L, 359733372L, -2128843056L, 1738525090L, 378478632L, 
-615191796L, -1287540292L, -1210272974L, -1160922432L, 1398621236L, 
-1390901560L, -2018253638L, 2048149136L, -681980180L, 1140853332L, 
855876242L, 1856147744L, 1779341772L, 1071485664L, -1719613246L, 
1656198184L, -769275988L, 305115836L, 284584946L, -808751568L, 
-52750428L, 1868422584L, 554051418L, 642252944L, -1604594820L, 
-923565804L, -131864254L, 1291983104L, -1514418756L, -2113787568L, 
-1995466462L, -411639224L, 1749780492L, -657775012L, -511272494L, 
-934220288L, 208948564L, -1830404888L, -998885126L, -754082096L, 
1256012588L, -915166988L, 1407861138L, 800032096L, 677962764L, 
-1689002784L, -2017684894L, 2015442088L, 759194700L, -23277700L, 
440248626L, -309681552L, -864677052L, -898061352L, 2063907706L, 
-2105640912L, -1833611332L, -1784587692L, -434585534L, 538265248L, 
1880502972L, 382952400L, 549868898L, -979689752L, -1260962612L, 
1895385596L, -491663886L, -733586304L, -392386060L, 1971417736L, 
-182158534L, 38307152L, -1010416532L, -1031832172L, -922777518L, 
1943580128L, -1202395956L, 2074726048L, 1814135170L, -59469592L, 
-1077695764L, 1924332860L, 1715964018L, 683922032L, -326673884L, 
-520009672L, -2121053926L, -21875504L, -1905661636L, 341980052L, 
-863725694L, -600097856L, 2086049340L, 564973968L, -1395263454L, 
-1132528376L, 1171032204L, -984400100L, -1475003246L, 1064037760L, 
-131665900L, 936994600L, -783772102L, 1338698192L, 2014413164L, 
-813388876L, -283618798L, -514308128L, 937683404L, 1679329504L, 
-120990686L, -1326785752L, 659618316L, -405458116L, 1514158066L, 
856670960L, -1907721660L, 1900701272L, 242976570L, 1563138032L, 
1756515004L, -286821100L, -1029931838L, 842239072L, -387469956L, 
-1374437424L, 1118165282L, -1111765336L, 514506636L, -226229060L, 
-464633038L, -233970112L, 1214354612L, 526851144L, 806673850L, 
1776523792L, -622240532L, 1260896596L, -1407067374L, -347249248L, 
32461516L, -1004529056L, -715532350L, 654922536L, -1881980500L, 
1171744060L, -1339038862L, -1018276560L, -757776604L, -1800227528L, 
-378792230L, -2086414448L, -1050811652L, -1212417132L, 2125415490L, 
-1943589632L, 262385724L, -1744593584L, -576875358L, -370357432L, 
-1458733300L, -768180516L, 618751826L, -1258875264L, -163663788L, 
246977512L, 398625530L, 8609104L, 598124332L, 2146454388L, -2015509614L, 
-1875559840L, 672722828L, -409000096L, -989000734L, 1768344488L, 
-422810420L, 467180028L, 1022435250L, 932425200L, -387584572L, 
1289437528L, 859526522L, 421711280L, 1708671932L, -2102675372L, 
-483250238L, -1405245408L, 1410613436L, 297220688L, -1283647518L, 
1858539112L, -1183322548L, 185014524L, 1555955698L, 1675572480L, 
2016226164L, -449042424L, 1753090490L, 96685520L, 1617982918L, 
185422963L, -1924989227L, 1719559346L, 1404823680L, -437664663L, 
745967835L, 1186747436L, -1672688582L, 532863727L, 1743521145L, 
559274510L, -1040561188L, -918854579L, -1860438089L, -553719488L, 
1472294942L, -308209941L, -299190675L, 1605205722L, -1434100072L, 
397624577L, -652350797L, -1880635948L, -537373470L, -209822345L, 
136299713L, 2026666054L, -1450104956L, 1211441461L, -919871713L, 
-1562439048L, -962910378L, 931145187L, 1089502117L, 860146242L, 
2096941104L, -1868452775L, 1255625163L, -1660665284L, 491596906L, 
1184362143L, 2059744041L, 1181138878L, 360713900L, -643255299L, 
-291607737L, 570477616L, 56008014L, -1605692037L, 470242013L, 
1940697866L, -1779453400L, 272648849L, 1489009283L, 327756676L, 
-1660227150L, 905711367L, -177894063L, -1811020586L, -568200780L, 
1986233797L, -1162681073L, -774020216L, -1701639514L, 1922234963L, 
-2020363339L, -343346926L, -712379680L, -1882990775L, 533834107L, 
-670964660L, -1836984870L, 1314355151L, 519408025L, -1754322514L, 
-763124036L, -1804372179L, -2008263465L, 83778848L, -980440450L, 
-141839285L, -535022003L, 512740474L, -314184520L, 474744417L, 
436722707L, -1536329164L, 1996663874L, -170834857L, -1209856095L, 
965738598L, 1790163044L, 911823765L, -103082817L, 2051609688L, 
849825910L, 1617043587L, 1254469829L, 1622117858L, -285756336L, 
1954266489L, 160531115L, 1913715228L, 1021601098L, -2080457409L, 
-714441847L, 1306293150L, 1769476684L, -1068149731L, 1688055207L, 
1099866320L, -554085778L, 1975684379L, -289253763L, 1456444522L, 
311828744L, 1552741809L, -814722525L, -721848540L, 843567058L, 
936369191L, -1825294735L, -361288522L, -1089479596L, 640230629L, 
1427108079L, 1144484904L, 102432902L, 1474230963L, 1886895125L, 
-593191310L, -1928283456L, 1358446377L, -117797477L, -118211988L, 
381103738L, 158949295L, -1053300039L, -445758258L, -255099364L, 
