.Random.seed <-
c(403L, 10L, 1025370650L, -1591897755L, -2071527425L, -520595834L, 
-955929072L, -2073987917L, -1477243055L, 761602816L, 1561246174L, 
-116923863L, 248418779L, 1531379434L, -488158068L, -1296452657L, 
-506639483L, -1087690692L, -2041566958L, -252969459L, -762450617L, 
-225777874L, -1979377016L, -671446133L, -41530519L, -1834941128L, 
2123007974L, 1541005185L, 274609939L, 2138595522L, 958954356L, 
-366999689L, 708862061L, 737525508L, -177504726L, 1716466581L, 
-1104504785L, 1275506998L, 811684192L, 2130538403L, 1571723457L, 
395790512L, 845862862L, -1944597703L, -1937292469L, 526727418L, 
1780605436L, -968031681L, -1782626539L, 1328116780L, -371831550L, 
-1400183331L, 530027735L, -267657282L, 772553208L, 2117729755L, 
1334547513L, -2143513208L, -1066073802L, -1219921039L, 1787099555L, 
98649330L, -1824556988L, 63298311L, -129647907L, -1033526316L, 
-539073798L, 393655877L, 1790578335L, 1585656870L, -250191696L, 
-399828653L, -802683791L, -711214688L, -1581288130L, 1563497545L, 
2092769531L, -1297463094L, 463998508L, 1934897711L, -1667749147L, 
836382620L, 1338067442L, 2023564397L, 507102631L, 904376270L, 
-245650136L, 932892459L, -292965047L, 1211398744L, -1899515130L, 
-965484831L, -269288845L, -1936522526L, -972169644L, -1835309225L, 
-101328051L, 125103844L, -1437716790L, 607973173L, -21248625L, 
-563469674L, -1905903040L, -647951613L, -1416242399L, -1871373296L, 
-144045074L, -737436775L, 1873953835L, 2041930010L, -1635134500L, 
352867807L, -1400020555L, 824684364L, 1866155426L, 1802978557L, 
1464830455L, -431306978L, -596002344L, -1158950085L, 1132369113L, 
-1604134808L, 1605971350L, 1617294609L, 1850291907L, 1863751378L, 
514772836L, -1158565209L, -852567043L, -704918028L, -1531999526L, 
1967426597L, 1781276991L, -489056570L, -1738114224L, 1779377011L, 
-146156143L, -1674872896L, -1710833250L, -1935168663L, 1126211483L, 
1257744042L, -799059764L, -1857203825L, -1410226747L, -2006161028L, 
-214165038L, -1678703283L, 1172805639L, 567752686L, 1631731400L, 
-441667125L, -1607908311L, -1959677320L, 1653915558L, 507050433L, 
353668691L, 770737410L, -218143692L, -1651657289L, 280566189L, 
1952987844L, 555015914L, -1530875563L, -1047451921L, 1212093686L, 
2134713376L, -528689693L, -987216255L, -271650576L, 583200654L, 
1805738233L, 1463847563L, -643396934L, -1837865540L, 848908031L, 
-1004223915L, -65276564L, -294388286L, -1922367971L, 2105706135L, 
-199651330L, 178273208L, -1817118821L, 763149817L, -1294926520L, 
216021110L, -503151183L, 1872792547L, 642504882L, -113511164L, 
-49129913L, -948829923L, -269250668L, -599526598L, -1211416699L, 
-330412961L, -1743452442L, -1713984144L, 1272682131L, -2107142351L, 
1590351328L, -2062093698L, -475135735L, 1100047163L, 2140936970L, 
-972541204L, 209055599L, -115134299L, 916060L, 2085927474L, 252244269L, 
-1232734233L, -1052647666L, -969764632L, 1364460267L, -1228026999L, 
1854945048L, 1041087046L, 1358248609L, -1724924621L, -874421086L, 
766675860L, 436023831L, -114444787L, -707226844L, 2123280138L, 
-1867685259L, 1925734863L, 154571516L, 214720404L, -549054398L, 
1426836736L, -1230279620L, 932216144L, -160503646L, -1136621752L, 
2008160012L, 482736860L, 775144274L, -656719232L, -984438700L, 
1169046504L, -602867974L, 747415888L, -1546370260L, 1196390260L, 
-889982062L, 149345888L, -106643572L, 2082759520L, -841644062L, 
1252093864L, 1610013900L, -21934596L, 1295928242L, -817354256L, 
1477888452L, 1943056728L, 262677882L, -647663184L, -794865732L, 
-1008611244L, -391314494L, -597564384L, 326036668L, -101782960L, 
1862782946L, -1934264728L, 20662860L, 1338228988L, -1076105230L, 
-992396032L, 657233780L, 101801992L, -13339206L, -1013400112L, 
-1610218516L, 188555156L, 521751506L, 1002682208L, 1231729996L, 
-1446601440L, 1839436674L, 1931053800L, -936053524L, 1113995836L, 
2119670642L, -789427600L, -1979660252L, -23562440L, -1077560166L, 
326152912L, -1123016516L, -726620524L, 1059022466L, -1538171712L, 
-1704595140L, 173539472L, -2104403422L, 169784840L, -1878159092L, 
-1036983652L, 683359762L, 1556311424L, 955969044L, -1264261592L, 
-1837624006L, -463280176L, 398639724L, -1793177804L, 520450706L, 
-1496417952L, -2076188340L, -888913952L, -1808830558L, -627378264L, 
-860988532L, 659773116L, -1805345934L, 1858210032L, -1775675324L, 
93191512L, -1194294214L, -297720976L, -676625348L, -658883820L, 
-845313598L, 1958383840L, -1331689604L, 327069392L, -519297374L, 
1171194920L, -773420788L, 152003516L, 154660146L, -1425375296L, 
-1115950540L, -91943992L, -911899462L, -1839255664L, 1097950700L, 
-953016236L, 551300754L, 1465932576L, -788570676L, 642698208L, 
115528386L, 1252321832L, 605626028L, -328092996L, 1987854834L, 
-1492072144L, 1157102756L, 926298808L, -1391817894L, 1764191632L, 
-993402500L, -1116889836L, 624585026L, 80888576L, -1634354244L, 
-1041306800L, -295771870L, 1020693832L, -225658868L, 1829689436L, 
1464325330L, -1288837120L, -301438124L, 1564250600L, -431978502L, 
112215760L, -202631892L, 112785652L, 58210194L, -511660960L, 
821587212L, 1084098272L, -721613470L, 1295745704L, 1459907148L, 
-755865732L, 1646799666L, -2119209360L, -1330193084L, 1214327768L, 
124895354L, -170011088L, 677927612L, 1376540500L, -837780926L, 
-909157472L, 483735740L, 530231760L, -1479195294L, 393733096L, 
110766028L, -684955908L, 444043250L, 627162240L, -2053486348L, 
-992013176L, -891275974L, 782926672L, -139285396L, 381710484L, 
720259410L, 895835872L, 1430954188L, 512694432L, 224811394L, 
1548122344L, 185067756L, 299493436L, 1150771314L, -519280528L, 
-245767644L, 751026744L, -970130918L, 271474896L, -770701764L, 
1601244308L, -1942109054L, 575236032L, -228983492L, -336589168L, 
-244259806L, -2105421816L, -642409332L, 1355976732L, 1192342674L, 
-245502848L, -903166956L, -1593900248L, -1382853574L, -1275138864L, 
622679148L, -1179851084L, -276631534L, 901038048L, -835638324L, 
-553837088L, -202253278L, -1570429656L, 509384972L, -353137092L, 
-1784875790L, 49809648L, 1320994628L, -639659944L, -1524694470L, 
1462253808L, 613814972L, 1821243924L, 1093708994L, -577962422L, 
1696138344L, 2009914449L, 1866049347L, 1000645188L, 495325426L, 
709844167L, -2020587887L, -278489066L, 1889821300L, -1598769915L, 
-379311281L, 606872904L, 1882970342L, 763678227L, 754381173L, 
172721490L, 398378400L, 428848265L, 1088763067L, 1624295180L, 
2120003226L, 2146538511L, 815517785L, -632972050L, -2146756740L, 
-664534035L, -1026020201L, -216008864L, 1579577150L, -1597911029L, 
-612870003L, 473489850L, -481824776L, 665652129L, -746855085L, 
-515941260L, -1028444670L, -412147561L, -1576553887L, -1525183834L, 
1339413156L, 1679849301L, -622380033L, -618550632L, 1019236278L, 
244393027L, -884310651L, 2111039010L, 2090704144L, -1296249671L, 
167637355L, -82468772L, -1580446326L, -113206913L, 725861577L, 
1968535902L, 1068792332L, -1986986531L, -265247513L, 1137033488L, 
-1618862034L, 1230296795L, 1536962493L, 587008298L, -1822597688L, 
-1935269135L, -892638109L, 1442412644L, 528315282L, 1397741671L, 
749496369L, 968423798L, -2036562284L, -761590619L, 1689997743L, 
-1367881112L, -1081920954L, 1114380275L, -679565483L, -744416974L, 
-69047040L, -1639207447L, -1787217829L, 1685940908L, -340323142L, 
2032178799L, -888732679L, 9644686L, 1603447644L, 108038093L, 
701851447L, 1092187584L, 623041182L, 1490408299L, -1573778707L, 
1951498074L, -1792887784L, 1710166401L, 1338271539L, 1723702612L, 
1097324386L, 2067983351L, 881988673L, 422199494L, 614460932L, 
-1315665483L, -273647969L, 1621169912L, -465511722L, 294244195L, 
-734136539L, -492540734L, -1732081232L, -806878759L, 1968869195L, 
1940350396L, 877860330L, -70176225L, 1546999977L, -701706178L, 
-1853611732L, -2034136195L, -255245881L, -1277070160L, 1490510542L, 
1828411387L, 1067163741L, 78669706L, -386111576L, -1771074287L, 
977671171L, 2074795780L, -485805262L, 20648327L, 518772689L, 
147872086L, 1226856244L, -1414104507L, -1637710193L, 1221005320L, 
